palmoliveshampoo
-0.562590470258 0.00793282980553
-0.398844042349 0.073295657925
-0.585056757434 0.00533719675595
0.351646493973 0.11800994744
0.281638280216 0.21615222927

hanselbutter
-0.544799859492 0.0106559318931
-0.212787435982 0.354408259537
-0.479156317748 0.027968541004
0.480779377768 0.0273668903499
-0.0888712302996 0.701659810983

spritemismo
0.349045160446 0.120943441869
-0.35998583358 0.108951456107
0.0653048621426 0.778526622184
0.321933527835 0.154687759665
0.613865337627 0.0030760512326

beef,roast
0.0203786535025 0.930133379249
-0.232500484291 0.310489369469
-0.107011101696 0.64430493164
-0.279870752814 0.219171397947
0.510008534093 0.0181774686739

mais
-0.517062917752 0.0163826279807
-0.236523792556 0.301951019523
-0.460323844682 0.035742926098
0.351646493973 0.11800994744
0.0934368602013 0.687061618747

zestomangoincan
-0.442452898885 0.0445944110706
-0.438032836379 0.0470252353609
-0.523006405793 0.0149838363788
0.342876687757 0.128108237613
0.142608833043 0.53745644078

selectapinipigchocolate
0.526632046226 0.014179065168
0.208378897325 0.364699232996
0.451529260129 0.0399085790575
0.257878018995 0.259064858985
0.088432654539 0.703067552496

egg,scrambled
-0.408682534776 0.0658541825996
-0.584804786293 0.00536180429548
-0.566368962788 0.00743546142417
0.651661425422 0.00137191860109
0.436898631225 0.0476651809655

porkribsnilaga
0.325196803617 0.150312361126
-0.236523792556 0.301951019523
0.100974262704 0.6631964165
0.289591230331 0.202908550349
0.532573506902 0.012936152893

liptonred450ml
0.364146757607 0.104625522277
-0.205903261967 0.370552517914
0.14326778475 0.535558620843
0.301739984429 0.183745303827
0.514511572562 0.0170144859122

chippyred
-0.572324009784 0.00670383673618
-0.395635039603 0.0758543308809
-0.587773292711 0.00507778628433
0.179668854107 0.435800795725
0.210618597824 0.35944979984

safeguardpurewhite60g
-0.535544205834 0.0123487259318
-0.201873404806 0.38019423918
-0.464303810282 0.0339734534834
0.0150065399889 0.948523547711
0.100174311729 0.665714893066

friedpork
-0.562590470258 0.00793282980553
-0.398844042349 0.073295657925
-0.585056757434 0.00533719675595
0.351646493973 0.11800994744
0.281638280216 0.21615222927

pork
-0.572461217332 0.00668770668319
-0.389435339824 0.0809862764482
-0.586680956852 0.00518081115443
0.38692069495 0.0831399634905
0.261043159108 0.253056902892

spaghetti
0.14003156684 0.544908774576
-0.329656002514 0.144474621982
-0.0614830192265 0.791203386398
0.541022067276 0.0113224011962
0.459337332657 0.0361924827401

chocomuchodrkchoco
-0.528787101615 0.0137175377357
-0.355083116252 0.114213543036
-0.542286403513 0.0110956743018
0.323281575565 0.152869661671
0.295222027829 0.193867180858

cloud97g
0.325196803617 0.150312361126
-0.236523792556 0.301951019523
0.100974262704 0.6631964165
0.289591230331 0.202908550349
0.532573506902 0.012936152893

squidadobo
-0.517062917752 0.0163826279807
-0.236523792556 0.301951019523
-0.460323844682 0.035742926098
0.351646493973 0.11800994744
0.0934368602013 0.687061618747

cornettodiscblackforest
0.325196803617 0.150312361126
-0.236523792556 0.301951019523
0.100974262704 0.6631964165
0.289591230331 0.202908550349
0.532573506902 0.012936152893

hotdogcheese
-0.370752297233 0.0980172280312
-0.314924118749 0.164384490448
-0.404883607103 0.0686565321819
0.614688540966 0.00302566975259
0.0950258877031 0.68200557836

skyflakes
-0.0281918882516 0.903450078997
-0.303772851776 0.180663388543
-0.170686407415 0.459456170852
-0.166039536311 0.471947552945
0.564259555686 0.00770985984457

sweetcorn
-0.741114193612 0.000121247088606
-0.409235591766 0.0654535367313
-0.701577592243 0.000393917457683
0.488653829114 0.0245917952266
0.223244214768 0.33068213865

mountaindew400ml.
-0.0889474139155 0.701415372331
-0.26989012253 0.236740223061
-0.20034213041 0.383894687258
0.0448582185388 0.846900004003
0.703255850499 0.000376125671032

colgatecooling
-0.562590470258 0.00793282980553
-0.398844042349 0.073295657925
-0.585056757434 0.00533719675595
0.351646493973 0.11800994744
0.281638280216 0.21615222927

porkestofado
0.334078670394 0.138844128992
-0.230156598117 0.315530364889
0.110303364501 0.634089560469
0.292596771153 0.198048124999
0.529309107002 0.0136075963844

gatorade350ml
-0.452971310661 0.0392008146387
-0.43739237708 0.0473857771906
-0.532171884639 0.0130172806511
0.195085019856 0.396751972692
0.115344940669 0.618570222701

selectaicsbucopandan
0.0292677123256 0.899783189971
-0.204059742597 0.374945830836
-0.0861251064244 0.710489644577
-0.26890614245 0.23852038632
0.529088295421 0.0136540148101

asadobread
-0.501874144963 0.0204396619352
-0.30246828236 0.182637090983
-0.49935675138 0.0211836312967
0.330239624389 0.143722559036
0.141331226775 0.541144837807

butterscotch
-0.562590470258 0.00793282980553
-0.398844042349 0.073295657925
-0.585056757434 0.00533719675595
0.351646493973 0.11800994744
0.281638280216 0.21615222927

porkmechado
-0.646516343742 0.00154091874135
-0.310814947934 0.170260459354
-0.599776002462 0.00405325954466
0.369500556532 0.099245344331
0.262389312337 0.250528931063

vegetable
-0.586471080261 0.00520080286305
-0.285932876225 0.208931491802
-0.532624362956 0.0129259092933
0.394985622094 0.0763801760715
0.128441112534 0.578992714134

ssbucopandan.75l
-0.562590470258 0.00793282980553
-0.398844042349 0.073295657925
-0.585056757434 0.00533719675595
0.351646493973 0.11800994744
0.281638280216 0.21615222927

blacksambo
0.124410601076 0.59105644545
0.201138980216 0.381966515958
0.194787416565 0.397486876378
-0.516660102082 0.0164811109395
-0.254494174973 0.265587462188

