1 32 23.5 27.8 87 0.2 
2 32.3 24.2 28.3 85 0 
3 31.5 24.2 27.9 84 9 
4 31.6 24.9 28.3 84 1.2 
5 33.5 25.4 29.5 77 0.4 
6 31.5 25.6 28.6 74 0 
7 32.4 25.5 29 75 2.8 
8 31.2 25 28.1 82 1 
9 32.2 25.6 28.9 76 0 
10 32.7 26.3 29.5 77 0.2 
11 32 25.8 28.9 83 0 
12 32.2 25.4 28.8 79 0 
13 32.7 25.4 29.1 79 0 
14 33 24.5 28.8 82 13.6 
15 32.7 25 28.9 85 0.6 
16 32.4 24.5 28.5 84 53.5 
17 33.7 24.5 29.1 84 19.4 
18 33.7 26 29.9 81 0 
19 32.5 26.4 29.5 76 0 
20 32.4 24.6 28.5 75 19.3 
21 32 24.6 28.3 78 0.6 
22 32 27.2 29.6 74 1.4 
23 33.6 26.8 30.2 70 0 
24 32.5 25.6 29.1 75 0 
25 32.4 25.4 28.9 77 0 
26 32.8 25 28.9 79 0 
27 29.8 24 26.9 85 12.2 
28 30 24.5 27.3 85 6.8 
29 32 24.6 28.3 80 0 
30 32 25.6 28.8 77 0.2 
31 32.8 26.2 29.5 77 1 
